-92.14   -104.41   -109.4 
-104.41   -205.74   -173.55 
-205.74   -158.9   -126.7 
-158.9   -149.24   -138.57 
-149.24   -142.43   -124.85 
-142.43   -129.49   -140.47 
-129.49   -145.76   -110.07 
-145.76   -114.09   -99.14 
-114.09   -99.14   -87.67 
-99.14   -66.35   -47.37 
-66.35   -40.69   -31.47 
16.96   30.57   -74.47 
30.57   -283.34   -272.68 
-283.34   -295.57   -255.1 
-295.57   -133.55   -55.21 
-133.55   111.17   183.42 
39.73   -16.16   -33.26 
-16.16   -38.58   -40.0 
-38.58   -42.45   -40.4 
160.89   185.92   175.61 
185.92   174.83   153.44 
174.83   161.11   144.74 
161.11   144.65   125.4 
144.65   153.14   131.19 
153.14   131.19   112.81 
131.19   90.78   70.0 
90.78   85.19   80.07 
85.19   67.03   70.76 
67.03   105.27   111.28 
105.27   126.4   85.06 
126.4   78.57   86.66 
78.57   139.77   148.94 
139.77   242.29   197.13 
242.29   243.0   216.25 
243.0   281.52   217.62 
281.52   209.71   140.93 
209.71   110.87   101.23 
110.87   147.35   143.63 
147.35   93.07   57.82 
93.07   65.86   62.64 
65.86   59.87   44.04 
59.87   39.57   32.57 
39.57   46.72   54.45 
46.72   45.73   43.11 
-98.79   -84.22   -67.2 
-84.22   -81.09   -96.59 
-81.09   -10.55   48.15 
-10.55   94.53   123.61 
94.53   166.75   157.49 
166.75   314.44   255.84 
314.44   211.27   148.89 
211.27   167.54   149.49 
167.54   207.38   191.32 
207.38   209.14   169.97 
209.14   182.16   151.85 
182.16   147.92   119.34 
147.92   128.97   111.89 
128.97   107.52   100.89 
107.52   57.93   32.0 
57.93   51.25   59.78 
51.25   104.02   116.66 
104.02   116.01   108.78 
116.01   96.14   83.24 
96.14   70.51   49.76 
70.51   36.11   35.96 
36.11   16.77   -1.61 
16.77   -29.78   -54.61 
-29.78   -38.38   -48.55 
-38.38   -39.1   -48.5 
-39.1   -116.4   -151.79 
-4.4   -42.53   -51.45 
117.36   102.22   95.27 
53.9   18.95   -4.63 
70.23   77.48   84.0 
29.25   74.74   100.84 
44.45   50.62   57.67 
139.06   142.13   123.01 
110.77   106.99   76.87 
-122.85   -163.53   -141.29 
69.56   78.39   85.21 
-25.77   -3.81   -8.84 
22.65   10.29   2.78 
10.29   22.85   31.47 
22.85   122.33   142.46 
122.33   73.49   24.16 
140.45   137.83   139.98 
137.83   108.22   84.01 
108.22   49.02   21.36 
49.02   28.55   24.48 
12.74   16.59   18.06 
16.59   18.06   8.2 
18.06   12.95   9.8 
12.95   5.55   3.62 
5.55   -9.78   -37.64 
-9.78   -63.74   -90.35 
-63.74   -181.49   -206.98 
-144.69   -83.81   -59.79 
-83.81   -63.15   -42.87 
-63.15   -23.86   -15.21 
136.59   129.71   84.92 
129.71   94.84   102.92 
94.84   86.29   62.37 
86.29   84.68   83.34 
84.68   56.5   50.33 
56.5   90.04   100.64 
90.04   141.69   143.11 
141.69   143.59   131.73 
143.59   141.7   135.75 
141.7   195.47   201.78 
195.47   176.04   171.6 
176.04   193.38   147.45 
193.38   216.23   204.16 
216.23   178.5   138.49 
178.5   125.41   118.81 
125.41   115.3   85.4 
115.3   115.37   108.22 
115.37   149.17   114.93 
149.17   312.23   290.13 
312.23   511.74   349.46 
511.74   380.59   237.56 
380.59   172.22   110.24 
172.22   134.16   121.5 
134.16   70.89   52.82 
-237.68   -194.37   -114.65 
-194.37   -107.86   -73.51 
-69.04   -70.58   -54.58 
-70.58   -52.87   -40.37 
-52.87   -61.51   -43.43 
-61.51   -54.75   -61.41 
-54.75   -105.16   -113.75 
-137.46   -30.33   63.38 
-30.33   67.19   86.19 
67.19   70.35   35.44 
70.35   57.18   65.29 
57.18   61.3   52.76 
61.3   100.37   114.6 
100.37   110.18   104.24 
110.18   134.56   138.05 
134.56   135.44   108.87 
135.44   117.21   124.6 
117.21   107.6   107.76 
128.7   101.16   67.7 
66.96   58.18   48.1 
85.64   -3.52   -42.22 
-7.16   -30.39   -53.76 
13.11   22.32   42.66 
-13.87   -47.37   -64.48 
25.98   39.55   33.56 
49.9   101.81   115.91 
239.4   212.59   227.68 
212.59   185.39   142.98 
185.39   153.61   149.57 
153.61   151.08   153.1 
151.4   157.77   136.15 
157.77   136.05   123.31 
78.52   84.41   93.82 
84.41   90.18   80.67 
90.18   81.35   80.17 
81.35   79.73   78.22 
79.73   69.54   64.47 
69.54   61.33   57.91 
61.33   57.62   54.17 
57.62   47.58   44.46 
47.58   57.4   62.04 
57.4   64.38   65.07 
64.38   74.54   78.54 
74.54   85.63   93.29 
85.63   97.58   101.5 
97.58   105.63   106.14 
105.63   126.16   135.54 
126.16   106.68   90.7 
106.68   101.6   102.29 
101.6   98.92   94.56 
98.92   95.12   88.15 
95.12   94.72   92.77 
94.72   84.53   78.77 
84.53   72.04   66.08 
